0 182 330 2.28 [2691, 2652] [125, 126]
1 161 332 1.82 [2056, 2057] [128, 127]
2 145 371 1.42 [3498, 3524, 3502, 3471, 3521, 3479] [129, 130, 131, 134, 133, 132]
3 130 373 1.42 [3209, 3223, 3215, 3213] [138, 136, 137, 135]
4 137 343 1.57 [5885, 5956, 5878, 6000, 5863] [139, 140, 141, 142, 143]
5 142 340 1.44 [11895, 11880, 12133, 12083] [144, 147, 146, 145]
6 164 349 2.39 [2737, 2746, 2726, 2705, 2739, 2714] [148, 149, 150, 153, 152, 151]
7 160 366 1.82 [2379, 2344] [154, 155]
8 174 365 1.24 [2942, 2979, 2953, 2972, 2952, 3006, 3003, 2945, 2947, 3000] [165, 157, 158, 159, 160, 161, 162, 163, 164, 156]
9 181 348 2.31 [2040, 2043, 2025, 2029, 2032, 2045] [166, 167, 171, 169, 170, 168]
10 173 317 1.33 [10487, 10427, 10336, 10354, 10492, 10539, 10362, 10358] [172, 173, 179, 175, 176, 177, 178, 174]
11 146 343 2.92 [5188, 5103, 5205, 5101, 5124] [180, 184, 182, 183, 181]
12 139 312 2.86 [2390, 2342, 2392, 2353, 2388, 2391, 2360, 2351, 2340] [185, 186, 187, 188, 189, 190, 191, 192, 193]
13 149 323 1.4 [2509, 2522, 2511, 2539] [197, 195, 196, 194]
14 149 328 1.9 [5190] [198]
15 137 350 2.7 [3224, 3237, 3259, 3232, 3219] [199, 200, 201, 202, 203]
16 168 323 1.13 [2028, 2048, 2024, 2029, 2053, 2033, 2051] [204, 205, 210, 207, 208, 209, 206]
17 131 319 1.43 [4459] [211]
18 171 319 2.94 [4127] [212]
19 142 348 2.94 [4702] [213]
20 138 337 1.82 [4810, 4874, 4908, 4846, 4900, 4836, 4856, 4806, 4902, 4882] [214, 215, 216, 217, 218, 219, 220, 223, 222, 221]
21 133 359 2.13 [16242, 16134, 16477, 16464, 16329, 16168, 16383] [224, 230, 226, 227, 228, 229, 225]
22 180 373 2.55 [2870, 2903, 2861, 2865, 2852] [231, 232, 233, 234, 235]
23 164 317 2.96 [2954, 3012, 2961, 2989, 2971, 2994] [241, 237, 238, 239, 240, 236]
24 134 348 1.02 [7852, 7887, 7810, 7784, 7826, 7868] [242, 243, 244, 247, 246, 245]
25 158 368 1.79 [2638, 2627, 2648, 2654, 2610, 2625, 2632] [248, 249, 250, 251, 254, 253, 252]
26 166 348 2.55 [4863, 4873, 4923, 4845, 4887, 4913, 4943, 4859] [255, 256, 257, 262, 259, 260, 261, 258]
27 156 327 2.81 [2986, 3024, 3033, 3029, 3032, 3028, 3041, 3017, 3034] [271, 264, 265, 266, 267, 268, 269, 270, 263]
28 132 345 2.06 [5186, 5160, 5205, 5201, 5229, 5173] [272, 277, 274, 275, 276, 273]
29 177 371 2.88 [4959, 4978, 5058] [280, 279, 278]
30 126 320 1.35 [14012, 14209, 14168, 14041, 13954] [281, 282, 283, 284, 285]
31 134 344 1.27 [2660, 2629] [286, 287]
32 157 316 1.79 [3667, 3659, 3605, 3658, 3608, 3674, 3664, 3625, 3644] [288, 289, 296, 291, 292, 293, 294, 295, 290]
33 160 364 1.89 [2402, 2425, 2381, 2383, 2384, 2427, 2390, 2379, 2426] [297, 298, 299, 300, 301, 302, 303, 305, 304]
34 153 362 2.71 [3608, 3599, 3559, 3624, 3568] [306, 307, 310, 309, 308]
35 171 337 2.74 [6609, 6571, 6596, 6669] [311, 314, 313, 312]
36 155 323 1.49 [3063, 3064, 3047] [315, 316, 317]
37 177 348 1.68 [2329, 2338, 2351, 2374, 2365, 2328, 2376] [318, 319, 320, 321, 322, 324, 323]
38 129 333 2.01 [4562] [325]
39 180 346 2.13 [13546, 13423] [326, 327]
40 163 367 2.88 [3476] [328]
41 168 333 2.66 [10227, 10286] [330, 329]
42 163 349 2.93 [2347, 2346, 2375, 2383] [331, 334, 333, 332]
43 159 368 2.57 [3409, 3358, 3389, 3349, 3384, 3351, 3424, 3346, 3370] [335, 336, 337, 338, 339, 340, 341, 343, 342]
44 126 343 1.53 [7651, 7623, 7670, 7727, 7724] [344, 348, 346, 347, 345]
45 180 319 1.73 [5658] [349]
46 172 333 2.28 [2364, 2390, 2340, 2338, 2376, 2385, 2351, 2362] [350, 351, 352, 357, 354, 355, 356, 353]
47 159 370 2.53 [2238, 2227, 2236, 2225, 2231, 2234, 2217, 2203] [358, 359, 360, 361, 362, 363, 364, 365]
48 146 324 1.3 [3485, 3421] [366, 367]
49 179 356 1.41 [2433, 2414, 2422, 2418] [368, 371, 370, 369]
50 187 339 2.98 [17968, 18102, 17917, 18080, 17946, 18094, 18154, 18072, 18043, 17850] [127, 128, 166, 167, 168, 169, 372, 373, 374, 170]
51 145 317 1.19 [2048, 2046, 2030, 2064, 2028, 2031, 2050, 2068, 2039] [204, 205, 206, 207, 244, 209, 210, 247, 208]
52 133 329 3.0 [14496, 14236, 14260, 14408, 14544] [154, 185, 358, 155, 171]
53 144 370 1.17 [2460, 2498, 2468] [210, 209, 204]
54 157 356 2.5 [3043] [364]
55 170 314 1.64 [3483, 3463, 3495, 3462, 3492] [318, 319, 320, 299, 324]
56 144 317 1.07 [2074] [246]
57 179 350 1.92 [3295, 3360, 3345, 3365, 3325] [352, 357, 321, 356, 305]
58 180 320 1.79 [2060] [322]
59 172 312 2.64 [4028] [359]
60 145 324 1.21 [3722, 3792, 3721, 3787, 3731, 3776, 3803, 3786, 3783] [158, 160, 159, 157, 163, 164, 165, 286, 287]
61 127 340 1.7 [3460, 3519, 3502, 3529, 3465, 3538, 3539, 3476, 3478] [302, 300, 298, 371, 303, 323, 297, 369, 301]
62 162 368 2.0 [10689] [360]
63 180 370 2.8 [2194, 2200, 2176, 2196, 2217, 2210, 2199, 2197, 2178, 2175] [350, 351, 353, 354, 355, 361, 304, 362, 363, 365]
64 140 347 2.85 [2124, 2119, 2118, 2111, 2104, 2128, 2096, 2103, 2105, 2078] [194, 195, 196, 197, 249, 254, 248, 252, 368, 370]
65 183 349 1.72 [4776, 4706, 4766, 4778] [126, 251, 250, 253]
66 134 333 2.58 [2129, 2124, 2144, 2116] [156, 161, 162, 317]
67 174 312 1.22 [4998, 4996] [367, 366]
68 185 345 2.82 [2544, 2547, 2582, 2580, 2551, 2549, 2591] [331, 334, 191, 192, 193, 186, 188]
69 147 373 1.14 [3336, 3396, 3382, 3361] [207, 206, 208, 205]
70 154 352 2.33 [2322, 2319, 2365, 2327, 2347, 2331, 2353] [135, 134, 136, 137, 138, 315, 316]
71 162 317 1.52 [3691, 3687] [132, 129]
72 127 339 2.57 [2252] [125]
73 184 320 1.06 [3143, 3147, 3180, 3186, 3172, 3149] [247, 243, 244, 245, 246, 242]
74 186 351 1.46 [2504, 2517, 2543, 2536, 2541, 2549, 2500] [158, 204, 209, 210, 286, 287, 163]
75 158 341 1.68 [5947, 5888, 5845, 5971, 5927, 5893] [148, 149, 152, 151, 153, 150]
76 155 333 1.15 [2661, 2667, 2711] [245, 243, 242]
77 139 326 1.05 [4570, 4559] [246, 244]
78 127 373 1.28 [2541, 2565, 2551, 2588, 2590, 2571, 2548] [205, 206, 207, 159, 208, 243, 247]
79 178 317 1.15 [2868, 2867, 2878, 2845, 2884, 2898, 2892, 2853] [205, 206, 207, 208, 242, 244, 245, 246]
80 161 342 2.76 [2880, 2818, 2831, 2816, 2881, 2854, 2879, 2819, 2841] [235, 189, 190, 231, 233, 234, 332, 333, 187]
81 183 332 2.66 [12695, 12600, 12658, 12632, 12668, 12684, 12742] [236, 239, 238, 241, 237, 240, 232]
82 167 347 1.15 [2233, 2241, 2236, 2219, 2223, 2206, 2245, 2244, 2218, 2229] [205, 206, 207, 208, 242, 164, 244, 245, 246, 247]
83 178 326 2.64 [2531, 2503, 2526, 2513, 2505, 2499, 2486] [130, 131, 133, 289, 292, 295, 296]
84 133 322 1.28 [3962, 3953, 3983, 3978, 3946, 3944, 3948, 3965] [157, 159, 160, 164, 163, 165, 366, 367]
85 159 318 1.5 [4290, 4262, 4354, 4263, 4324, 4343, 4295] [319, 132, 211, 287, 322, 129, 299]
86 133 338 2.95 [2077, 2082, 2114] [291, 290, 288]
87 133 344 2.12 [3613, 3672, 3681, 3642, 3615] [362, 294, 365, 293, 363]
88 183 328 1.09 [16727, 16557] [286, 204]
89 147 370 2.45 [2892] [361]
90 146 360 2.78 [15994] [271]
91 169 367 2.06 [2166, 2142, 2145, 2152, 2169, 2176, 2170, 2172] [209, 158, 210, 211, 318, 320, 322, 324]
92 152 335 2.36 [6962, 7119, 7081, 7058, 7061, 6983] [267, 264, 270, 266, 263, 265]
93 187 349 3.0 [6282, 6383, 6251, 6376, 6347, 6331, 6279, 6303, 6321, 6248] [199, 200, 201, 202, 203, 268, 269, 336, 338, 335]
94 187 312 2.95 [2075, 2077, 2085, 2070, 2071, 2062, 2089, 2078] [350, 197, 353, 354, 368, 196, 351, 370]
95 139 361 2.59 [2174, 2189, 2168, 2195, 2185, 2182, 2194, 2162] [135, 156, 161, 162, 315, 316, 317, 137]
96 186 362 2.21 [2220, 2223] [303, 301]
97 162 334 1.29 [3334, 3372, 3374, 3383, 3386] [243, 206, 207, 208, 205]
98 184 347 2.57 [8736, 8754, 8646, 8703, 8689, 8682] [337, 328, 341, 342, 339, 340]
99 177 346 1.49 [10980, 11228] [325, 343]
100 143 373 1.95 [2315, 2331, 2324, 2314] [157, 299, 319, 165]
101 148 349 1.68 [2567, 2560, 2536, 2549, 2545] [160, 164, 163, 366, 367]
102 165 321 2.75 [2345, 2363, 2384, 2337, 2375] [194, 195, 304, 248, 355]
103 171 346 1.76 [3644] [302]
104 176 349 1.07 [2700, 2721, 2741] [246, 245, 242]
105 168 315 1.51 [4994] [369]
106 152 374 2.47 [2120, 2086, 2115] [138, 305, 352]
107 186 328 2.58 [6416] [306]
108 142 325 2.88 [2550, 2553, 2565] [254, 252, 249]
109 143 329 1.63 [3917, 3904, 3874, 3885, 3872, 3869, 3879, 3938, 3866, 3956] [297, 298, 300, 318, 320, 322, 323, 324, 211, 371]
110 170 360 1.11 [2074, 2093, 2062, 2084, 2059, 2094] [242, 244, 207, 245, 246, 247]
111 168 314 1.51 [11902, 11997, 12056, 12116, 12041, 12145] [217, 214, 308, 309, 310, 307]
112 178 343 2.51 [4207, 4193, 4261, 4273, 4282, 4198, 4210, 4189, 4205, 4278] [216, 193, 219, 215, 223, 192, 186, 125, 218, 220]
113 170 369 2.37 [5289, 5316, 5283, 5318] [331, 222, 221, 188]
114 130 349 2.17 [4342, 4336, 4292, 4252, 4253] [191, 187, 198, 189, 334]
115 179 358 1.47 [8141, 8185, 8101] [357, 136, 356]
116 147 319 1.8 [5903, 5900, 5944, 5949] [290, 291, 349, 364]
117 173 351 1.76 [5551, 5535, 5489, 5574, 5519, 5539] [134, 139, 141, 288, 143, 321]
118 181 314 2.08 [3520, 3507, 3550, 3511, 3495, 3540, 3498, 3534, 3544, 3494] [250, 126, 142, 156, 253, 162, 251, 317, 140, 161]
119 161 318 2.31 [2206, 2211, 2234, 2236, 2243, 2247] [298, 300, 301, 302, 303, 323]
120 147 327 1.36 [4154, 4102, 4092] [159, 205, 208]
121 156 343 1.6 [2625, 2652, 2644] [243, 206, 159]
122 165 351 2.29 [15366, 15152, 15454] [212, 255, 213]
123 156 365 2.61 [3259, 3222, 3269, 3283] [190, 231, 332, 333]
124 187 316 1.76 [2699, 2678, 2731, 2729, 2680, 2706, 2687, 2681, 2735] [129, 165, 160, 163, 164, 287, 366, 367, 132]
125 141 350 2.59 [2495] [315]
126 181 311 2.65 [2508, 2505, 2535, 2524, 2512, 2559] [296, 295, 133, 130, 292, 131]
127 126 342 2.72 [4923, 4931, 4959, 4980, 4972, 4988, 5039] [261, 257, 258, 259, 260, 262, 256]
128 171 350 2.42 [2551, 2555, 2529, 2505] [138, 316, 137, 135]
129 144 355 1.53 [2743, 2737, 2764, 2771, 2762, 2730, 2761] [205, 207, 208, 242, 245, 244, 247]
130 128 353 2.0 [2164, 2148, 2140, 2166, 2159, 2173, 2151, 2154, 2147, 2146] [129, 132, 157, 158, 210, 209, 287, 299, 160, 319]
131 152 370 2.24 [7551] [279]
132 127 363 2.16 [2109, 2139, 2149, 2135, 2151, 2115, 2147, 2113, 2135] [158, 210, 297, 318, 320, 209, 324, 371, 369]
133 178 340 1.88 [2359] [367]
134 176 327 2.06 [2962, 2950, 3012, 2987, 2966, 2981, 3014, 2998, 2946, 2977] [297, 323, 300, 301, 298, 303, 305, 352, 371, 302]
135 131 370 1.87 [3916, 3953, 3882, 3874, 3943, 3902] [178, 175, 179, 305, 174, 352]
136 148 349 1.94 [7250, 7239, 7227, 7168, 7233] [274, 273, 277, 275, 272]
137 170 340 2.58 [3303, 3298, 3310, 3343, 3327] [233, 370, 235, 289, 234]
138 179 365 2.29 [9943, 9874, 9793, 9809, 9833, 10021, 9984, 9882, 9821, 9891] [180, 181, 311, 183, 184, 276, 278, 280, 359, 182]
139 165 325 1.29 [2632, 2672, 2641, 2670, 2645, 2686] [159, 205, 207, 208, 246, 247]
140 164 338 2.99 [4291, 4335, 4333, 4279] [351, 350, 353, 196]
141 165 374 2.03 [5993, 5934, 5954, 5998, 5944, 6070, 5956] [194, 195, 197, 354, 304, 355, 368]
142 140 337 1.79 [6001, 5917, 5983, 5998] [248, 361, 294, 293]
143 171 331 2.69 [2625, 2630] [348, 344]
144 174 338 2.37 [2712, 2726, 2751, 2739] [138, 137, 316, 135]
145 134 354 2.65 [6712, 6810, 6838] [254, 252, 249]
146 126 354 2.58 [9248, 9214, 9184, 9309, 9138, 9316, 9256, 9112, 9199, 9267] [312, 313, 314, 345, 346, 347, 362, 130, 363, 365]
147 167 358 1.24 [2008, 2018, 2031, 2037, 2034, 2010, 2020, 2015, 2015, 2049] [286, 206, 207, 242, 243, 244, 245, 246, 247, 204]
148 128 314 2.88 [2539, 2570, 2577, 2548, 2575, 2536, 2554, 2549, 2543] [131, 133, 149, 150, 152, 153, 292, 295, 296]
149 151 328 1.23 [2450, 2447] [207, 246]
150 160 356 1.19 [2087, 2083] [247, 246]
151 129 314 1.95 [4001, 4014, 4029, 3989, 3991, 4042, 4066, 4067, 4059, 4047] [251, 142, 156, 161, 172, 162, 173, 176, 177, 140]
152 184 339 1.94 [9493, 9481, 9404, 9524, 9318] [148, 190, 332, 333, 151]
153 155 323 2.82 [5205, 5210, 5270, 5266, 5292, 5314, 5199] [186, 193, 231, 219, 125, 233, 216]
154 170 340 2.84 [9751, 9683, 9771, 9670, 9727, 9824, 9791] [215, 220, 234, 218, 223, 235, 192]
155 146 337 2.72 [13578] [334]
156 140 333 1.1 [2580, 2565, 2588, 2561, 2567, 2556] [159, 242, 208, 245, 246, 205]
157 137 361 2.2 [2681, 2730, 2695, 2732, 2727, 2710] [324, 303, 318, 320, 369, 301]
158 135 345 1.3 [2447, 2450, 2468, 2449, 2454, 2448, 2426, 2455, 2460] [204, 206, 207, 243, 244, 246, 159, 247, 286]
159 133 345 2.26 [2971, 2944, 2989, 2987, 2996, 2955] [137, 138, 250, 253, 317, 126]
160 169 361 1.28 [3512, 3447, 3493, 3506, 3460, 3473, 3503, 3500, 3485, 3470] [204, 247, 206, 208, 242, 243, 244, 245, 246, 205]
161 145 352 2.25 [5622] [191]
162 147 357 2.4 [4780, 4778, 4859, 4832, 4804, 4863] [187, 315, 198, 289, 370, 189]
163 173 335 1.38 [4794] [366]
164 140 360 1.09 [2239, 2215, 2233, 2208, 2218, 2225, 2248] [159, 205, 207, 208, 245, 246, 286]
165 132 368 2.46 [11502, 11536, 11616] [199, 268, 269]
166 154 340 1.25 [2653, 2696, 2666] [207, 246, 286]
167 125 336 1.57 [9538, 9340, 9324] [344, 348, 131]
168 133 312 1.06 [3090, 3043, 3047, 3079, 3039, 3081, 3064, 3062] [159, 204, 206, 242, 247, 244, 246, 243]
169 136 357 1.06 [2092, 2053, 2066, 2055, 2065, 2102, 2067, 2054, 2069, 2058] [204, 243, 206, 207, 208, 242, 245, 246, 286, 205]
170 133 321 1.31 [7659, 7722, 7700, 7710, 7789, 7637, 7792, 7799, 7741] [129, 132, 157, 165, 211, 158, 299, 319, 322]
171 129 318 1.44 [2563, 2559, 2565, 2560] [159, 208, 244, 247]
172 174 315 1.76 [4710, 4747, 4702, 4725, 4737, 4731, 4690, 4721] [174, 175, 178, 179, 302, 305, 297, 352]
173 149 334 2.34 [5156, 5125, 5137, 5116, 5089, 5148, 5076, 5081, 5123] [133, 149, 150, 152, 153, 364, 295, 296, 292]
174 178 346 2.93 [4830, 4806, 4866, 4892, 4784, 4870] [257, 260, 258, 259, 262, 256]
175 167 355 1.64 [2414, 2419, 2407, 2369, 2422, 2389, 2405, 2375, 2406] [159, 163, 164, 245, 205, 206, 243, 286, 204]
176 154 313 2.48 [15354, 15117, 15192, 15154, 15236, 15336, 15229, 15292] [200, 338, 202, 203, 335, 261, 336, 201]
177 177 351 2.02 [3399, 3365, 3401, 3425, 3411, 3372, 3356, 3420] [209, 210, 298, 300, 323, 369, 301, 371]
178 176 334 1.97 [5741, 5710, 5691, 5762, 5675, 5750, 5720, 5769, 5672] [134, 139, 291, 143, 288, 321, 290, 349, 141]
179 166 325 1.6 [2149, 2147, 2175, 2141, 2137, 2181, 2158] [206, 207, 208, 286, 244, 247, 242]
180 161 330 2.97 [2612, 2609, 2606] [135, 316, 248]
181 151 369 1.6 [3304, 3265, 3308, 3319, 3297] [160, 287, 164, 367, 163]
182 126 340 2.54 [8428, 8338, 8435] [263, 267, 265]
183 144 374 1.64 [2210] [207]
184 164 322 2.2 [2346, 2362, 2342, 2347, 2333, 2348, 2371, 2375, 2360, 2329] [157, 158, 160, 211, 287, 299, 319, 322, 366, 367]
185 180 326 2.48 [5619, 5564, 5580, 5603, 5539, 5571, 5578, 5576] [144, 145, 147, 188, 146, 221, 222, 331]
186 156 325 2.12 [4907, 4952, 4915] [294, 361, 293]
187 170 367 1.54 [6800, 6879, 6777, 6822] [126, 250, 253, 303]
188 168 325 2.18 [10062, 10041, 10208, 10078, 10258, 10070] [196, 350, 266, 270, 306, 264]
189 173 312 2.89 [3377, 3416, 3391, 3366, 3443, 3418, 3380, 3370, 3444] [140, 194, 195, 142, 197, 304, 354, 355, 368]
190 134 346 2.32 [2034, 2045, 2078, 2072, 2043, 2039, 2079, 2053, 2069, 2031] [367, 132, 160, 163, 164, 165, 211, 287, 299, 129]
191 179 360 1.3 [3455] [246]
192 136 366 2.08 [2531, 2525, 2519, 2492, 2488, 2546] [129, 132, 163, 164, 157, 165]
193 130 357 1.29 [11452, 11448, 11410, 11438, 11557, 11429, 11424, 11576, 11405, 11552] [210, 298, 301, 318, 320, 323, 324, 369, 209, 371]
194 178 373 1.85 [2340, 2322, 2375, 2364, 2324, 2353, 2357, 2345, 2342] [159, 247, 205, 206, 242, 243, 245, 286, 204]
195 175 346 2.59 [4991, 4983, 5033] [272, 275, 273]
196 128 328 1.58 [2679, 2700, 2718, 2708] [159, 207, 208, 244]
197 143 348 2.27 [3231, 3254, 3304, 3258] [317, 356, 357, 136]
198 125 317 1.57 [2311, 2283, 2303, 2317, 2325, 2300, 2284, 2291, 2278, 2316] [159, 205, 206, 207, 208, 242, 243, 244, 246, 204]
199 187 324 1.76 [3345, 3284, 3340, 3315, 3295, 3318, 3330, 3306] [158, 165, 164, 287, 319, 322, 366, 160]
200 182 326 1.12 [4098, 4183, 4181, 4127, 4147, 4149, 4113] [206, 207, 208, 243, 244, 245, 246]
201 158 361 1.53 [2108, 2132] [208, 244]
202 179 374 2.93 [9035, 9204, 9196, 9136, 9106] [340, 330, 351, 353, 329]
203 143 332 2.83 [11212, 11254, 11408, 11469, 11315, 11347, 11202, 11357] [279, 277, 328, 337, 339, 341, 342, 274]
204 129 313 2.65 [2035, 2074, 2047, 2071, 2038, 2042, 2051] [297, 172, 174, 178, 179, 300, 138]
205 125 358 2.15 [2245, 2249, 2236, 2267, 2233, 2257, 2237, 2275] [366, 132, 157, 163, 211, 299, 367, 129]
206 140 345 1.75 [2039, 2050, 2053, 2048, 2026, 2054] [207, 208, 244, 247, 159, 286]
207 186 370 2.58 [6599] [285]
208 132 353 2.81 [2033, 2004, 2041, 2009, 2037, 2031, 2013, 2021, 2049, 2025] [176, 302, 161, 162, 173, 177, 175, 251, 137, 156]
209 160 314 1.2 [2444, 2489, 2492, 2432, 2461, 2479, 2487, 2477, 2484] [247, 205, 207, 208, 242, 243, 244, 286, 204]
210 134 366 1.65 [2335] [207]
211 125 363 1.52 [2587, 2595, 2599] [206, 245, 159]
212 129 316 2.86 [2225, 2230, 2244] [176, 173, 172]
213 156 353 2.53 [2238, 2261, 2253, 2276, 2259, 2272, 2241, 2264] [161, 174, 178, 179, 300, 305, 352, 138]
214 156 320 2.45 [2524, 2515, 2535, 2558, 2504, 2522, 2510, 2526, 2521, 2551] [137, 302, 138, 161, 352, 175, 177, 251, 156, 162]
215 157 348 2.77 [2013, 2020, 2010, 2046] [178, 297, 300, 305]
216 145 318 2.57 [2969, 2964] [136, 356]
217 168 335 1.65 [2137, 2089, 2138, 2100, 2135, 2111, 2132, 2094] [204, 205, 208, 132, 242, 244, 286, 287]
218 178 314 1.05 [5294, 5266, 5366, 5362, 5310, 5345, 5281, 5371, 5288, 5279] [129, 367, 160, 163, 164, 211, 299, 319, 322, 158]
219 165 329 2.33 [2473, 2422, 2458, 2456, 2454, 2468, 2441, 2469] [320, 366, 179, 318, 324, 297, 157, 174]
220 186 347 1.63 [6814, 6775, 6769] [317, 357, 173]
221 138 314 1.1 [2987, 3043] [243, 246]
222 151 349 1.94 [3927, 3965, 3909, 3989, 3973, 3970, 4000, 3935] [126, 137, 303, 162, 177, 251, 253, 156]
223 128 313 1.36 [2730] [165]
224 166 345 2.36 [2433, 2467, 2421, 2454, 2447, 2428, 2469, 2473, 2431, 2458] [324, 178, 250, 138, 300, 305, 302, 352, 318, 175]
225 166 345 1.45 [2979, 3016, 2995, 2965, 2968] [159, 247, 132, 207, 287]
226 157 311 2.71 [5945, 5918] [281, 284]
227 127 350 2.58 [2814, 2809, 2832] [172, 161, 176]
228 140 338 2.69 [5604, 5694] [282, 231]
229 133 360 1.77 [2368, 2356, 2362, 2367, 2396] [204, 242, 206, 245, 205]
230 178 331 1.51 [3574, 3598, 3582, 3649, 3576, 3585, 3623, 3577] [129, 132, 165, 243, 286, 287, 319, 322]
231 128 326 1.84 [2553, 2551, 2526, 2566, 2522, 2516, 2527, 2508, 2560, 2523] [158, 160, 163, 164, 165, 287, 299, 205, 367, 211]
232 131 324 2.29 [3764, 3756, 3835, 3748, 3809, 3790] [136, 356, 248, 316, 135, 283]
233 159 358 1.21 [2520, 2505, 2512, 2524] [208, 247, 246, 244]
234 138 364 1.31 [4492, 4520, 4548, 4530, 4511] [242, 204, 206, 245, 159]
235 148 353 1.96 [3553, 3543, 3560, 3527, 3488, 3548] [174, 179, 297, 305, 320, 300]
236 157 313 2.61 [5368, 5426, 5330] [187, 189, 198]
237 129 316 1.11 [4458, 4441, 4474, 4434, 4491, 4423, 4443, 4509, 4452, 4469] [158, 160, 163, 319, 207, 211, 286, 299, 367, 164]
238 171 363 2.8 [2867, 2860, 2886, 2855, 2843, 2831, 2884] [135, 248, 283, 316, 325, 172, 343]
239 153 312 1.25 [2281, 2331, 2316] [247, 244, 208]
240 178 344 2.19 [14898, 15045, 14781, 15088, 14762, 15009, 15033, 14769, 15082] [125, 249, 186, 252, 254, 326, 327, 360, 193]
241 162 352 2.45 [2444, 2413, 2436, 2433, 2434, 2424, 2451, 2456, 2423, 2414] [137, 323, 156, 175, 178, 250, 251, 302, 352, 138]
242 181 326 1.55 [5072, 5093, 5087, 5104, 5068, 5028, 5049, 5045, 5064, 5039] [129, 132, 157, 160, 165, 158, 287, 299, 322, 366]
243 154 313 1.31 [6228] [243]
244 156 327 2.32 [2130, 2158, 2173, 2131, 2149, 2144] [210, 301, 298, 319, 367, 211]
245 129 371 2.73 [2490, 2455, 2511, 2465, 2507, 2479, 2480, 2453, 2486] [126, 162, 176, 173, 177, 253, 317, 250, 357]
246 170 322 1.4 [3924] [205]
247 159 357 1.78 [4569] [303]
248 132 313 1.64 [5948, 5889, 5987, 5972, 5980, 5963, 5936] [137, 352, 156, 175, 251, 302, 138]
249 181 365 2.33 [2334, 2370, 2332, 2372, 2320, 2333, 2338] [179, 209, 318, 324, 369, 371, 174]
250 146 314 2.36 [2361] [210]
251 133 343 1.03 [3474, 3420, 3475, 3448, 3451, 3400, 3478, 3404] [159, 204, 206, 242, 245, 163, 246, 247]
252 155 315 2.57 [2242, 2291, 2256, 2255, 2271, 2258] [178, 297, 298, 300, 174, 305]
253 149 327 2.39 [3188, 3244, 3215, 3226, 3219, 3195, 3192, 3202] [253, 161, 162, 176, 177, 317, 357, 126]
254 153 370 1.13 [3558, 3551, 3516] [164, 208, 244]
255 173 336 2.77 [2111, 2132, 2096, 2103] [179, 303, 297, 305]
256 158 313 1.62 [3104, 3092, 3125, 3111, 3103, 3085, 3081, 3102] [129, 132, 211, 286, 301, 319, 320, 322]
257 185 332 2.09 [6452, 6487, 6503, 6425, 6447, 6444, 6495, 6457, 6422, 6436] [191, 289, 307, 368, 309, 310, 315, 370, 354, 308]
258 166 357 2.47 [2417, 2378, 2409] [323, 209, 371]
259 176 318 2.77 [2207] [156]
260 187 370 2.36 [2556] [369]
261 128 373 2.27 [2894, 2846, 2859, 2899, 2895] [174, 178, 298, 251, 300]
262 145 329 2.52 [2235, 2196, 2245, 2226, 2235] [301, 157, 318, 324, 210]
263 168 315 2.26 [3613, 3634, 3612, 3697, 3610, 3672] [161, 176, 173, 136, 250, 356]
264 187 368 2.4 [3148, 3078, 3076, 3099, 3088] [162, 253, 317, 357, 177]
265 158 347 1.95 [3759, 3691, 3771, 3737, 3716, 3773, 3725] [178, 209, 323, 297, 210, 369, 371]
266 141 326 2.85 [2298, 2300, 2311, 2299, 2292, 2322, 2326, 2304] [126, 137, 138, 156, 179, 303, 283, 305]
267 172 319 1.97 [3830, 3806, 3792, 3856, 3798, 3847, 3803, 3827] [174, 175, 320, 298, 300, 302, 352, 251]
268 157 347 1.05 [2281, 2291, 2293, 2275, 2285, 2264, 2297] [163, 165, 207, 287, 366, 164, 367]
269 143 366 1.48 [9293, 9397, 9305] [288, 325, 141]
270 136 352 2.2 [5262, 5161, 5270, 5249, 5234] [214, 134, 355, 321, 217]
271 178 354 2.86 [7429, 7405] [216, 219]
272 127 366 1.39 [3545] [322]
273 177 339 1.03 [4029] [204]
274 141 332 1.31 [15154, 15254, 15273] [139, 343, 348]
275 173 316 1.96 [3142, 3201, 3189, 3215, 3190, 3184, 3160, 3168, 3151] [157, 371, 209, 301, 318, 324, 299, 366, 158]
276 157 360 2.11 [3589, 3519, 3582, 3550, 3521, 3540, 3537] [175, 178, 251, 297, 302, 323, 352]
277 160 370 2.33 [4849, 4899, 4855, 4871, 4859, 4879, 4867, 4943, 4861, 4913] [349, 142, 143, 194, 195, 197, 290, 291, 304, 140]
278 126 370 2.51 [3448, 3388, 3450, 3398, 3429, 3373] [131, 293, 248, 294, 316, 135]
279 147 351 2.05 [2881, 2929, 2868, 2907] [367, 324, 160, 366]
280 153 351 2.83 [3387, 3424] [344, 361]
281 169 323 1.71 [2496, 2548, 2512, 2536, 2486, 2538] [242, 205, 206, 245, 247, 159]
282 176 361 2.25 [13002] [233]
283 149 370 2.11 [2674, 2684, 2680, 2658, 2662] [165, 211, 287, 132, 319]
284 127 347 1.81 [3404, 3430, 3411, 3439, 3451, 3402, 3440, 3394, 3392, 3409] [129, 157, 163, 164, 301, 318, 319, 210, 322, 369]
285 165 369 1.28 [5263] [286]
286 164 359 1.6 [2589, 2619, 2573, 2597, 2587, 2575, 2569, 2567, 2622] [205, 206, 159, 207, 208, 243, 244, 245, 247]
287 150 358 1.2 [2907, 2947, 2910, 2917, 2953, 2934, 2961, 2968, 2963] [244, 163, 204, 208, 211, 242, 243, 246, 129]
288 176 323 2.86 [2037, 2014, 2025, 2015, 2017, 2039, 2058, 2024] [174, 209, 298, 300, 320, 137, 177, 371]
289 143 340 1.35 [8451, 8392, 8289, 8385, 8437, 8327, 8410, 8347, 8454] [132, 158, 318, 165, 287, 324, 366, 367, 160]
290 173 370 1.33 [7155, 7073, 7102, 7126, 7067, 6994, 7038, 7082, 7085] [129, 157, 164, 210, 299, 300, 301, 322, 369]
291 173 337 2.43 [3296] [356]
292 168 316 1.03 [2164, 2153] [205, 207]
293 129 346 1.14 [4774, 4863, 4867, 4840, 4778, 4782, 4776, 4764] [211, 163, 206, 242, 245, 247, 319, 159]
294 137 317 1.17 [2049, 2046, 2088, 2050, 2068, 2043] [204, 207, 243, 246, 286, 205]
295 187 335 2.91 [7772] [262]
296 181 334 1.03 [4159, 4207] [162, 357]
297 132 343 1.43 [2745, 2737, 2777, 2740, 2748, 2788, 2751, 2793, 2750] [320, 161, 173, 176, 179, 250, 253, 317, 126]
298 125 359 2.04 [2152, 2164, 2187, 2179, 2155, 2151, 2145] [305, 138, 156, 174, 298, 303, 136]
299 180 360 1.87 [3237, 3278, 3235, 3265, 3271, 3257, 3248, 3236] [302, 172, 177, 209, 283, 297, 371, 137]
300 184 368 1.14 [11858, 11804, 11809, 11818, 12024, 11823, 12019] [131, 248, 136, 293, 294, 316, 135]
301 179 343 1.39 [2876, 2871, 2875, 2905, 2913, 2862] [208, 244, 286, 323, 352, 178]
302 174 363 2.39 [2767, 2722, 2777, 2779, 2776] [126, 176, 175, 317, 161]
303 165 351 2.0 [2608, 2567, 2587, 2570] [138, 156, 298, 251]
304 154 352 2.8 [5629, 5587, 5574, 5532, 5604, 5569] [256, 257, 258, 221, 259, 260]
305 134 372 1.13 [18797, 18681, 18936, 18712, 18905, 18512, 18928, 18735, 18527, 18574] [172, 305, 250, 253, 283, 303, 356, 162, 179, 173]
306 165 327 1.91 [5358, 5338, 5286, 5347, 5310, 5273, 5295, 5319, 5303] [141, 161, 126, 176, 177, 288, 325, 134, 357]
307 156 363 2.41 [6568, 6420, 6469] [331, 188, 222]
308 159 374 2.41 [3412, 3422, 3394, 3379, 3368, 3384, 3365, 3398, 3439, 3391] [214, 217, 325, 295, 137, 317, 344, 296, 361, 288]
309 148 355 1.75 [2722, 2690, 2706, 2704, 2709, 2700, 2699, 2720] [174, 163, 204, 205, 211, 243, 319, 320]
310 130 318 2.32 [7782] [133]
311 126 351 1.95 [5070, 5110, 5152, 5097] [141, 153, 321, 355]
312 137 355 1.65 [4385, 4355, 4339, 4349, 4373, 4394, 4392] [138, 352, 297, 323, 324, 371, 209]
313 140 363 1.76 [3796, 3743, 3766] [178, 156, 299]
314 155 317 1.89 [16192, 16286, 16367, 16347, 16307] [180, 183, 184, 181, 280]
315 143 311 1.05 [2137, 2131, 2129, 2143, 2153, 2159, 2122, 2123] [159, 206, 164, 207, 245, 246, 247, 322]
316 133 355 2.47 [2223, 2204, 2199, 2180, 2221, 2212, 2185, 2210, 2213, 2180] [174, 175, 251, 298, 301, 302, 318, 366, 369, 157]
317 173 327 2.57 [5305, 5396] [149, 152]
318 178 345 1.15 [6823, 6734, 6773, 6720, 6790, 6759, 6751] [158, 165, 210, 367, 320, 160, 300]
319 128 355 2.33 [19215, 18972, 18933, 19003, 18941, 18988] [182, 232, 236, 276, 237, 278]
320 137 340 1.31 [4888, 4842, 4836, 4846, 4800, 4868, 4890, 4798, 4804, 4886] [129, 174, 175, 251, 287, 298, 302, 301, 369, 132]
321 167 359 1.01 [6557, 6530, 6481, 6503, 6546] [138, 156, 178, 318, 157]
322 186 349 1.68 [4482, 4486, 4501, 4420] [323, 366, 297, 211]
323 171 361 1.04 [3554, 3527, 3503] [242, 322, 286]
324 145 317 1.43 [6489, 6574] [319, 292]
325 151 317 2.6 [14650, 14595, 14728, 14553, 14758, 14783, 14692, 14680, 14541, 14637] [238, 239, 240, 229, 241, 312, 313, 230, 224, 314]
326 177 369 2.7 [5382, 5355] [150, 364]
327 128 369 2.93 [9165, 9272] [311, 359]
328 168 340 2.36 [4502] [195]
329 157 339 2.85 [2051, 2090, 2092, 2054, 2096] [139, 209, 304, 352, 371]
330 164 344 2.32 [4194, 4236, 4201, 4165, 4174, 4154, 4243, 4238, 4158, 4210] [343, 142, 143, 194, 197, 290, 361, 140, 293, 349]
331 147 323 1.82 [3484, 3413, 3414, 3423, 3477, 3436] [163, 317, 299, 324, 348, 164]
332 125 368 2.48 [2509, 2543, 2542, 2540, 2521, 2541, 2525] [251, 135, 136, 294, 316, 352, 131]
333 161 373 1.14 [12774, 12747, 12715, 12805, 12969, 12990, 12811, 12974, 12758, 12731] [134, 153, 139, 214, 217, 291, 295, 296, 304, 344]
334 182 332 2.96 [2307, 2276, 2309, 2275, 2279] [177, 176, 248, 357, 161]
335 129 364 2.64 [3038, 3082, 3065, 3047, 3057, 3036, 3096, 3100, 3061, 3046] [355, 194, 195, 197, 288, 294, 316, 321, 325, 131]
336 155 368 1.46 [4583, 4657, 4596, 4630] [175, 302, 243, 205]
337 140 347 1.79 [2067, 2051, 2058, 2070, 2054] [159, 204, 206, 245, 247]
338 174 359 1.38 [7547, 7663, 7694, 7678, 7610, 7516, 7550, 7559, 7603, 7622] [292, 137, 140, 142, 143, 135, 290, 348, 349, 126]
339 155 337 2.31 [5145, 5149] [370, 289]
340 149 312 1.91 [10591] [275]
341 178 317 2.19 [4318, 4347, 4327, 4308] [141, 248, 343, 361]
342 178 353 1.94 [6879, 6885, 6925, 6836, 6908] [354, 308, 310, 315, 191]
343 154 349 1.98 [7565, 7602, 7618, 7627, 7640, 7562] [146, 272, 273, 307, 309, 368]
344 138 316 1.82 [16352] [147]
345 163 335 2.37 [2061, 2058, 2074, 2069, 2037, 2054, 2045, 2032] [132, 209, 287, 298, 322, 369, 371, 174]
346 150 313 2.75 [9655] [346]
347 168 373 1.51 [4937, 5033, 4961, 4998, 4939, 4953] [323, 297, 300, 301, 320, 136]
348 133 360 2.45 [4689, 4714] [194, 197]
349 140 330 1.92 [3542, 3588, 3568, 3579, 3630, 3587, 3618, 3606] [366, 210, 161, 317, 324, 352, 357, 176]
350 145 351 2.98 [2752, 2731, 2759] [288, 325, 293]
351 165 373 2.77 [3194, 3197, 3206, 3154, 3156] [195, 294, 321, 293, 355]
352 153 343 2.43 [4656, 4590, 4604] [289, 195, 370]
353 143 315 1.18 [2388, 2443, 2423, 2408, 2429, 2387, 2416, 2389] [204, 206, 207, 208, 244, 245, 159, 246]
354 142 372 1.55 [8951] [177]
355 128 313 1.02 [2582, 2598, 2573] [164, 242, 247]
356 153 373 2.68 [2578, 2548, 2563, 2545, 2591, 2562, 2558] [317, 138, 141, 156, 288, 316, 131]
357 134 374 2.29 [2764] [251]
358 157 340 2.42 [2665, 2668] [209, 371]
359 129 326 2.47 [6741, 6730, 6783, 6719, 6856, 6792] [144, 145, 151, 333, 332, 190]
360 159 362 2.83 [16273, 16134, 16373, 16000] [171, 225, 228, 226]
361 170 317 1.03 [3370, 3399] [299, 129]
362 184 324 1.63 [3824, 3851, 3848, 3864, 3818, 3872] [158, 160, 211, 367, 163, 298]
363 185 371 2.78 [3156, 3181, 3155, 3190, 3160, 3131, 3163] [191, 321, 343, 355, 361, 325, 143]
364 179 322 2.6 [4191, 4269, 4201] [292, 308, 315]
365 136 319 2.3 [4221, 4216, 4219, 4312, 4288, 4225, 4293, 4228, 4253] [140, 141, 142, 290, 294, 288, 310, 349, 354]
366 132 319 1.67 [16795, 16879, 17032, 17046, 17053, 17116] [231, 282, 189, 198, 148, 187]
367 179 337 2.71 [2199] [174]
368 165 314 2.82 [4692, 4794, 4790, 4716, 4772, 4678] [149, 188, 364, 272, 273, 152]
369 186 314 1.15 [2376, 2352, 2347, 2348, 2360, 2383, 2373, 2350] [165, 208, 244, 246, 286, 132, 287, 369]
370 187 372 1.74 [3627] [178]
371 162 333 1.58 [10790, 10932, 10830, 10812, 10727, 10776, 10941] [295, 289, 296, 321, 355, 361, 370]
372 159 362 1.21 [3384, 3452, 3404, 3453, 3391, 3447, 3426, 3397] [157, 175, 176, 302, 318, 319, 357, 322]
373 157 355 1.4 [6992, 7050] [161, 248]
374 158 341 1.74 [2260, 2295] [164, 205]
375 146 337 2.45 [2190] [156]
376 152 355 2.93 [2489, 2481, 2528, 2491, 2526, 2493, 2513, 2515, 2486, 2520] [126, 317, 136, 172, 283, 293, 316, 348, 356, 131]
377 182 335 1.61 [3231, 3225, 3202] [174, 251, 371]
378 150 314 2.95 [3743, 3740, 3760, 3706, 3755, 3794, 3718, 3719] [191, 197, 146, 194, 307, 309, 315, 368]
379 148 349 2.69 [6001, 6028, 5978, 5998, 5988, 6043, 5991, 6026, 6070] [221, 256, 150, 257, 258, 259, 260, 281, 284]
380 149 313 2.2 [12649, 12811, 12623, 12571, 12634, 12592, 12753, 12535, 12727, 12639] [130, 263, 265, 267, 345, 347, 362, 264, 363, 365]
381 145 350 1.84 [2657, 2636, 2630, 2638, 2654] [138, 209, 210, 352, 369]
382 179 354 1.52 [5500, 5469, 5478, 5496, 5494] [173, 300, 323, 324, 297]
383 183 341 1.56 [2026, 2029, 2055, 2068] [206, 207, 245, 204]
384 178 353 2.24 [5628, 5637, 5675, 5635, 5630, 5710] [291, 292, 308, 310, 354, 153]
385 136 355 2.62 [3486, 3536, 3553, 3502] [343, 304, 217, 344]
386 178 331 2.18 [3293, 3299, 3274, 3335, 3290, 3285, 3256, 3324, 3322] [283, 135, 320, 156, 178, 250, 253, 131, 137]
387 129 313 1.06 [4389] [366]
388 143 351 1.23 [3674, 3629, 3665, 3664, 3676] [129, 159, 165, 287, 299]
389 184 342 2.85 [3562, 3565, 3603, 3592, 3569, 3553, 3589] [349, 142, 143, 195, 214, 290, 140]
390 132 364 1.14 [10404, 10319, 10387, 10456, 10434] [134, 176, 316, 325, 172]
391 186 332 1.67 [4402, 4440, 4442, 4415] [357, 298, 301, 132]
392 163 319 1.55 [2033, 2011, 2048, 2019, 2037, 2007, 2015, 2036, 2042, 2004] [158, 160, 211, 242, 243, 247, 286, 318, 367, 157]
393 140 356 2.12 [7866] [222]
394 133 356 1.7 [2594, 2595, 2605, 2584, 2610, 2608, 2550, 2587] [138, 162, 163, 175, 179, 303, 352, 322]
395 131 340 2.47 [2022, 2050, 2019, 2048, 2053, 2065] [369, 209, 210, 302, 305, 136]
396 184 363 2.91 [3953, 3991, 3954, 3972, 3961, 4010] [152, 307, 309, 146, 368, 149]
397 176 351 1.66 [2719, 2683, 2686, 2695] [371, 251, 356, 164]
398 139 323 1.04 [2642, 2685, 2641, 2664, 2624, 2639, 2657, 2662] [317, 205, 208, 244, 293, 319, 348, 174]
399 126 321 2.93 [2417, 2397, 2368, 2363, 2382, 2390, 2406, 2412, 2374, 2362] [126, 131, 135, 136, 137, 139, 141, 288, 294, 250]
400 126 336 1.05 [3041, 3037, 3061, 3084, 3060, 3036, 3027] [204, 157, 211, 245, 304, 318, 206]
401 140 322 2.97 [4367, 4316] [331, 152]
402 164 359 1.83 [3486, 3506, 3442] [283, 305, 303]
403 169 326 1.91 [15734, 15872, 16089, 15780, 16036, 15859, 15971, 15754, 16023] [133, 196, 216, 219, 266, 270, 285, 306, 350]
404 165 318 1.66 [3123, 3173, 3180, 3149, 3153, 3132, 3158, 3131, 3146, 3151] [158, 156, 162, 177, 178, 302, 248, 253, 138, 217]
405 176 358 2.98 [3214, 3194, 3228, 3262, 3224, 3206, 3212, 3200, 3190] [349, 143, 191, 195, 290, 304, 315, 344, 142]
406 166 321 2.78 [2742, 2753, 2752, 2790, 2805, 2754, 2761, 2777, 2793, 2781] [139, 141, 161, 135, 294, 293, 343, 348, 356, 288]
407 187 365 2.27 [11579, 11574, 11451, 11546, 11532, 11409, 11631, 11394] [144, 145, 151, 190, 262, 332, 333, 281]
408 179 318 2.62 [2399, 2412, 2387, 2418] [175, 352, 209, 179]
409 131 321 2.83 [2147, 2119, 2106, 2135, 2132, 2110, 2137, 2138] [126, 173, 131, 251, 317, 320, 357, 371]
410 170 330 1.42 [3331, 3343, 3360, 3387, 3394, 3351, 3401] [242, 210, 247, 367, 165, 369, 160]
411 171 328 1.68 [3859, 3831, 3884, 3834, 3891] [136, 366, 287, 299, 174]
412 140 356 2.1 [2377, 2400, 2362, 2387, 2355, 2398, 2356, 2379, 2353, 2406] [129, 137, 300, 164, 297, 298, 301, 322, 323, 163]
413 159 363 1.46 [10938, 10942] [197, 194]
414 142 351 1.32 [6156, 6153, 6126, 6138, 6118, 6103, 6108] [292, 214, 217, 308, 310, 354, 140]
415 151 334 2.27 [3758] [343]
416 171 314 2.53 [3453, 3498] [348, 293]
417 130 356 2.2 [6840, 6948, 6942] [146, 149, 272]
418 135 352 2.74 [8250, 8294, 8139, 8305, 8162] [257, 258, 256, 260, 284]
419 177 330 1.18 [2024, 2055, 2018, 2052, 2050, 2039, 2036, 2061] [159, 250, 243, 246, 286, 324, 132, 207]
420 132 345 1.84 [4788, 4867, 4762, 4796, 4863] [153, 195, 191, 248, 283]
421 167 315 2.59 [2056, 2067] [209, 179]
422 131 346 1.73 [6312, 6349, 6352] [315, 344, 291]
423 153 339 1.13 [3487, 3460, 3463, 3444, 3461] [139, 175, 177, 126, 319]
424 155 366 1.48 [4334, 4300, 4284, 4365, 4320, 4290, 4363, 4343, 4375] [131, 141, 138, 143, 162, 253, 288, 317, 357]
425 140 343 1.74 [2075, 2079, 2066] [318, 320, 352]
426 167 311 1.04 [3969, 3959] [161, 156]
427 126 319 1.2 [7508, 7428, 7532, 7446] [368, 142, 364, 309]
428 135 348 1.81 [3488, 3552, 3513] [303, 305, 251]
429 158 355 2.31 [4524, 4556, 4511, 4526, 4509, 4597, 4517, 4599] [355, 295, 289, 296, 304, 349, 361, 290]
430 171 348 2.63 [18154, 18357] [358, 227]
431 125 318 2.83 [3321, 3337, 3272, 3264, 3316, 3284, 3332] [188, 273, 307, 294, 321, 331, 370]
432 143 326 1.51 [2381, 2396, 2408, 2390, 2368, 2415, 2388] [371, 173, 178, 205, 211, 302, 157]
433 147 319 2.09 [2796, 2862, 2810, 2802, 2851] [298, 137, 250, 356, 135]
434 149 367 1.24 [2363] [243]
435 156 344 2.12 [10534] [259]
436 138 340 2.11 [2166, 2151, 2147, 2167, 2163, 2183, 2155, 2155] [158, 163, 210, 297, 323, 367, 369, 160]
437 147 366 2.08 [2172, 2148, 2127] [129, 322, 324]
438 181 335 2.26 [12995, 13113, 13145, 12904, 12920, 13129, 13000, 13059, 13150] [215, 218, 220, 330, 268, 269, 329, 199, 223]
439 128 314 1.79 [14589, 14698] [150, 221]
440 168 357 1.18 [2335] [286]
441 146 360 1.26 [2802, 2859, 2808, 2857, 2862, 2826, 2845, 2840, 2833] [165, 136, 179, 209, 300, 301, 320, 352, 132]
442 173 334 1.97 [2693, 2665] [343, 293]
443 156 362 1.78 [4937, 5039] [140, 134]
444 167 371 2.56 [8514, 8528, 8602, 8676, 8507, 8634, 8560] [364, 222, 273, 275, 331, 188, 147]
445 173 323 2.62 [5451, 5440, 5501, 5411, 5402] [146, 149, 152, 272, 307]
446 144 361 2.18 [4774, 4754, 4750, 4809, 4823, 4776, 4768, 4798, 4784, 4851] [143, 139, 153, 191, 195, 214, 308, 310, 354, 370]
447 147 335 2.08 [2492, 2530, 2519, 2522, 2523, 2495, 2537] [177, 173, 174, 318, 348, 164, 316]
448 135 314 2.35 [2074, 2038, 2042, 2048, 2040, 2046, 2054, 2061, 2027] [126, 325, 178, 287, 299, 302, 366, 135, 172]
449 184 354 2.71 [4318, 4332, 4334, 4320] [292, 309, 315, 289]
450 177 334 2.88 [18494, 18570] [154, 185]
451 163 370 2.26 [2288, 2284, 2328, 2276, 2278, 2306, 2324] [250, 157, 175, 176, 356, 371, 137]
452 141 315 1.28 [4042, 4072, 4107, 4058] [288, 295, 321, 217]
453 153 347 2.12 [6808, 6771, 6858, 6827, 6746, 6743] [152, 194, 197, 291, 296, 368]
454 127 357 2.33 [3993, 4021] [304, 290]
455 163 340 2.21 [5450, 5461, 5394, 5388, 5425, 5419] [142, 153, 344, 349, 355, 361]
456 159 328 2.81 [8261, 8241] [347, 345]
457 151 364 1.6 [2674, 2689, 2705, 2679, 2716, 2671, 2709, 2694] [131, 248, 206, 207, 208, 244, 245, 204]
458 160 318 1.13 [14659] [191]
459 179 328 1.63 [2955, 2953, 2979, 2928, 2961, 2976] [161, 283, 297, 303, 323, 141]
460 151 366 2.69 [7788, 7855, 7778, 7759] [148, 180, 231, 282]
461 176 360 1.83 [3359] [305]
462 173 317 2.19 [3354, 3369, 3308, 3336, 3349, 3346] [156, 253, 251, 317, 357, 162]
463 142 321 2.98 [2135, 2103, 2100, 2091, 2127, 2122, 2085, 2091, 2115] [136, 138, 179, 293, 294, 172, 348, 343, 325]
464 150 328 1.77 [6066, 6019, 6016, 6056, 6104, 6099, 6064, 6081, 6041, 6076] [370, 135, 177, 308, 310, 316, 354, 356, 214, 126]
465 143 347 1.58 [3216, 3171, 3187] [210, 211, 369]
466 187 359 1.35 [2156, 2187] [242, 246]
467 172 331 1.21 [2247, 2281, 2286, 2265, 2258] [319, 159, 247, 298, 158]
468 173 370 1.8 [2784, 2813, 2769] [324, 367, 160]
469 167 362 1.99 [3213, 3240, 3200] [209, 300, 173]
470 164 344 1.24 [2532, 2525, 2488, 2490] [129, 163, 178, 322]
471 165 325 1.92 [4865, 4953, 4939] [137, 140, 176]
472 134 319 1.99 [2068, 2034] [301, 205]
473 152 362 2.15 [3497] [131]
474 169 334 2.95 [3364, 3354, 3368, 3358, 3343, 3377, 3404, 3340] [143, 195, 290, 295, 304, 349, 315, 321]
475 150 313 1.75 [4261, 4288, 4249, 4235, 4276, 4302, 4253, 4286] [293, 248, 302, 250, 320, 343, 352, 174]
476 147 370 1.93 [5986, 6011, 5979, 5956, 6050] [134, 217, 294, 141, 325]
477 127 323 2.01 [8245] [272]
478 137 311 2.23 [2075, 2098, 2091, 2081, 2063] [132, 299, 318, 366, 371]
479 125 329 1.49 [8157, 8050, 8153, 8140, 8004, 8010, 8044] [139, 283, 289, 309, 136, 348, 149]
480 176 319 2.94 [2534, 2512, 2529, 2553, 2532, 2558, 2520, 2550, 2527, 2546] [143, 195, 172, 288, 292, 295, 317, 355, 357, 161]
481 158 340 2.11 [3091, 3095, 3071] [179, 175, 138]
482 174 350 2.93 [6559, 6473, 6584, 6562, 6476, 6497, 6603, 6573, 6557, 6549] [365, 183, 184, 187, 189, 198, 259, 275, 280, 181]
483 157 343 2.74 [2873, 2904, 2889, 2929, 2932, 2934, 2886, 2914, 2907, 2872] [161, 153, 172, 288, 290, 304, 344, 361, 131, 142]
484 162 325 1.24 [2427, 2449, 2460, 2458, 2459, 2468, 2423, 2418, 2454, 2439] [157, 164, 165, 243, 286, 287, 297, 298, 303, 323]
485 129 336 2.19 [4120, 4073, 4076, 4064, 4128, 4090, 4048] [140, 292, 321, 343, 315, 146, 368]
486 182 342 1.43 [2379, 2384, 2367, 2394, 2376, 2342, 2345] [156, 158, 319, 251, 253, 305, 162]
487 152 363 1.95 [8562, 8583, 8715] [146, 152, 307]
488 170 321 1.86 [2709, 2711, 2679, 2699, 2668, 2720] [178, 210, 301, 324, 369, 173]
489 130 318 1.4 [3870, 3910, 3904, 3923] [318, 300, 371, 209]
490 162 330 1.23 [2901, 2874, 2924, 2911, 2862, 2906, 2896, 2871, 2886, 2908] [160, 299, 204, 206, 322, 245, 366, 367, 163, 211]
491 164 338 1.54 [2726, 2684, 2680, 2689, 2706, 2719, 2729, 2679] [129, 175, 159, 242, 247, 293, 303, 132]
492 152 338 2.28 [2863, 2823] [248, 305]
493 184 368 1.19 [6822, 6847, 6867, 6791, 6763, 6811, 6724, 6808, 6861, 6769] [143, 195, 214, 295, 355, 310, 349, 354, 370, 308]
494 153 359 2.8 [3570, 3541, 3594, 3586, 3610, 3533, 3536, 3564, 3577, 3532] [197, 194, 153, 291, 296, 217, 304, 344, 361, 290]
495 174 371 3.0 [2601, 2612, 2582] [135, 316, 134]
496 126 347 1.77 [2758, 2767, 2754, 2764, 2760, 2765, 2773, 2785, 2800, 2774] [138, 157, 162, 176, 179, 297, 250, 298, 323, 357]
497 173 319 2.47 [2131, 2114, 2118, 2115, 2136, 2133] [156, 253, 302, 317, 137, 352]
498 145 339 2.79 [3982, 4028, 3998, 4032, 4005, 3992, 4018, 4051, 4020, 4066] [142, 296, 272, 289, 291, 292, 309, 315, 368, 149]
499 169 368 1.91 [2603, 2634, 2649, 2635, 2637] [320, 165, 251, 287, 164]
