0 14
1 14
2 22
3 16
4 18
5 16
6 26
7 14
8 34
9 30
10 30
11 20
12 30
13 20
14 12
15 24
16 30
17 12
18 12
19 12
20 34
21 30
22 22
23 28
24 24
25 28
26 34
27 36
28 38
29 18
30 22
31 14
32 36
33 36
34 24
35 18
36 14
37 26
38 10
39 12
40 12
41 14
42 16
43 30
44 20
45 12
46 34
47 28
48 14
49 20
50 42
51 48
52 34
53 20
54 10
55 28
56 12
57 34
58 8
59 12
60 40
61 54
62 10
63 42
64 54
65 22
66 24
67 14
68 30
69 18
70 32
71 16
72 8
73 28
74 40
75 26
76 18
77 16
78 38
79 32
80 46
81 32
82 44
83 32
84 34
85 48
86 18
87 36
88 18
89 10
90 12
91 40
92 32
93 38
94 46
95 36
96 14
97 24
98 28
99 14
100 30
101 24
102 34
103 12
104 18
105 12
106 22
107 12
108 20
109 46
110 30
111 30
112 56
113 26
114 28
115 20
116 26
117 38
118 64
119 26
120 20
121 24
122 24
123 26
124 46
125 12
126 34
127 30
128 26
129 34
130 52
131 12
132 54
133 12
134 56
135 32
136 28
137 36
138 50
139 28
140 22
141 38
142 26
143 14
144 26
145 20
146 46
147 44
148 38
149 18
150 14
151 54
152 32
153 46
154 44
155 10
156 38
157 36
158 48
159 32
160 48
161 12
162 42
163 12
164 36
165 20
166 24
167 22
168 44
169 52
170 48
171 28
172 38
173 42
174 30
175 48
176 50
177 48
178 58
179 36
180 24
181 34
182 18
183 12
184 50
185 42
186 24
187 26
188 40
189 54
190 54
191 12
192 30
193 52
194 50
195 24
196 26
197 26
198 44
199 48
200 30
201 18
202 30
203 38
204 40
205 52
206 36
207 12
208 56
209 44
210 12
211 24
212 20
213 44
214 60
215 28
216 16
217 40
218 56
219 50
220 24
221 16
222 48
223 12
224 62
225 34
226 14
227 22
228 18
229 36
230 46
231 52
232 40
233 24
234 34
235 38
236 18
237 56
238 48
239 22
240 52
241 58
242 56
243 12
244 42
245 54
246 12
247 12
248 46
249 42
250 12
251 46
252 36
253 46
254 22
255 30
256 42
257 58
258 22
259 12
260 10
261 36
262 34
263 40
264 36
265 46
266 46
267 46
268 44
269 24
270 36
271 14
272 12
273 12
274 18
275 54
276 40
277 52
278 40
279 28
280 16
281 34
282 12
283 36
284 50
285 12
286 42
287 50
288 52
289 54
290 50
291 12
292 14
293 48
294 38
295 12
296 18
297 50
298 46
299 52
300 44
301 42
302 32
303 30
304 32
305 62
306 56
307 24
308 64
309 46
310 8
311 26
312 40
313 24
314 24
315 44
316 56
317 18
318 46
319 40
320 58
321 36
322 30
323 24
324 18
325 50
326 16
327 16
328 12
329 34
330 58
331 42
332 44
333 58
334 30
335 56
336 30
337 30
338 50
339 18
340 12
341 30
342 32
343 34
344 10
345 50
346 12
347 36
348 16
349 50
350 24
351 34
352 24
353 42
354 12
355 22
356 46
357 12
358 18
359 34
360 20
361 18
362 40
363 44
364 20
365 44
366 40
367 12
368 38
369 52
370 10
371 40
372 40
373 16
374 16
375 12
376 64
377 24
378 46
379 46
380 52
381 28
382 30
383 26
384 36
385 30
386 54
387 12
388 30
389 44
390 32
391 30
392 56
393 12
394 44
395 38
396 38
397 30
398 50
399 40
400 46
401 18
402 22
403 54
404 54
405 56
406 58
407 48
408 26
409 48
410 48
411 34
412 52
413 16
414 44
415 10
416 18
417 18
418 26
419 52
420 34
421 18
422 24
423 32
424 52
425 22
426 14
427 28
428 22
429 50
430 18
431 48
432 46
433 36
434 12
435 12
436 48
437 18
438 50
439 18
440 12
441 54
442 18
443 16
444 48
445 30
446 52
447 44
448 56
449 28
450 18
451 42
452 28
453 34
454 18
455 38
456 12
457 44
458 12
459 38
460 30
461 12
462 36
463 46
464 60
465 20
466 16
467 36
468 24
469 24
470 30
471 22
472 18
473 12
474 50
475 54
476 34
477 12
478 32
479 44
480 58
481 20
482 52
483 56
484 48
485 46
486 40
487 24
488 40
489 28
490 56
491 52
492 18
493 64
494 62
495 24
496 58
497 38
498 56
499 36
